 -2.05294460
 -2.10793692
 -2.16267936
 -2.21712457
 -2.27156978
 -2.32631221
 -2.38130453
 -2.43649745
 -2.49183969
 -2.54727808
 -2.60275750
 -2.65822098
 -2.71360972
 -2.76886311
 -2.82391883
 -2.87871284
 -2.93317948
 -2.98725153
 -3.04086028
 -3.09393560
 -3.14640600
 -3.19819876
 -3.24923999
 -3.29945473
 -3.34876704
 -3.39710015
 -3.44437651
 -3.49051794
 -3.53544575
 -3.57908086
 -3.62134390
 -3.66215538
 -3.70143583
 -3.73910589
 -3.77508650
 -3.80929902
 -3.84166537
 -3.87210823
 -3.90055112
 -3.92691860
 -3.95113644
 -3.97313170
 -3.99283299
 -4.01017054
 -4.02507640
 -4.03748459
 -4.04733126
 -4.05455482
 -4.05909614
 -4.06089863
 -4.05990847
 -4.05607470
 -4.04934937
 -4.03968769
 -4.02704816
 -4.01139272
 -3.99268683
 -3.97089961
 -3.94600400
 -3.91797678
 -3.88679874
 -3.85245477
 -3.81493391
 -3.77422946
 -3.73033905
 -3.68326469
 -3.63301285
 -3.57959449
 -3.52302511
 -3.46332476
 -3.40051810
 -3.33463437
 -3.26570743
 -3.19377572
 -3.11888227
 -3.04107465
 -2.96040497
 -2.87692978
 -2.79071006
 -2.70181116
 -2.61030267
 -2.51625841
 -2.41975626
 -2.32087813
 -2.21970979
 -2.11634078
 -2.01086428
 -1.90337695
 -1.79397882
 -1.68277310
 -1.56986604
 -1.45536674
 -1.33938702
 -1.22204120
 -1.10344590
 -0.98371990
 -0.86298388
 -0.74136028
 -0.61897303
 -0.49594740
 -0.37240974
 -0.24848728
 -0.12430792
  0.00000000
  0.12430792
  0.24848728
  0.37240974
  0.49594740
  0.61897303
  0.74136028
  0.86298388
  0.98371990
  1.10344590
  1.22204120
  1.33938702
  1.45536674
  1.56986604
  1.68277310
  1.79397882
  1.90337695
  2.01086428
  2.11634078
  2.21970979
  2.32087813
  2.41975626
  2.51625841
  2.61030267
  2.70181116
  2.79071006
  2.87692978
  2.96040497
  3.04107465
  3.11888227
  3.19377572
  3.26570743
  3.33463437
  3.40051810
  3.46332476
  3.52302511
  3.57959449
  3.63301285
  3.68326469
  3.73033905
  3.77422946
  3.81493391
  3.85245477
  3.88679874
  3.91797678
  3.94600400
  3.97089961
  3.99268683
  4.01139272
  4.02704816
  4.03968769
  4.04934937
  4.05607470
  4.05990847
  4.06089863
  4.05909614
  4.05455482
  4.04733126
  4.03748459
  4.02507640
  4.01017054
  3.99283299
  3.97313170
  3.95113644
  3.92691860
  3.90055112
  3.87210823
  3.84166537
  3.80929902
  3.77508650
  3.73910589
  3.70143583
  3.66215538
  3.62134390
  3.57908086
  3.53544575
  3.49051794
  3.44437651
  3.39710015
  3.34876704
  3.29945473
  3.24923999
  3.19819876
  3.14640600
  3.09393560
  3.04086028
  2.98725153
  2.93317948
  2.87871284
  2.82391883
  2.76886311
  2.71360972
  2.65822098
  2.60275750
  2.54727808
  2.49183969
  2.43649745
  2.38130453
  2.32631221
  2.27156978
  2.21712457
  2.16267936
  2.10793692
  2.05294460
