  0.67116306
  0.66435233
  0.65746906
  0.65051452
  0.64349010
  0.63639722
  0.62923739
  0.62201217
  0.61472321
  0.60737224
  0.59996102
  0.59249142
  0.58496536
  0.57738483
  0.56975191
  0.56206872
  0.55433748
  0.54656044
  0.53873995
  0.53087841
  0.52297830
  0.51504214
  0.50707256
  0.49907219
  0.49104379
  0.48299012
  0.47491404
  0.46681845
  0.45870631
  0.45058065
  0.44244453
  0.43430108
  0.42615347
  0.41800492
  0.40985871
  0.40171814
  0.39358657
  0.38546740
  0.37736406
  0.36928003
  0.36121880
  0.35318392
  0.34517896
  0.33720749
  0.32927315
  0.32137955
  0.31353037
  0.30572927
  0.29797994
  0.29028606
  0.28265135
  0.27507951
  0.26757424
  0.26013926
  0.25277826
  0.24549494
  0.23829299
  0.23117607
  0.22414785
  0.21721194
  0.21037198
  0.20363153
  0.19699417
  0.19046341
  0.18404274
  0.17773562
  0.17154545
  0.16547560
  0.15952940
  0.15371010
  0.14802092
  0.14246502
  0.13704549
  0.13176538
  0.12662766
  0.12163522
  0.11679090
  0.11209747
  0.10755760
  0.10317390
  0.09894890
  0.09488503
  0.09098466
  0.08725004
  0.08368337
  0.08028672
  0.07706208
  0.07401135
  0.07113634
  0.06843872
  0.06592011
  0.06358199
  0.06142575
  0.05945267
  0.05766393
  0.05606060
  0.05464363
  0.05341386
  0.05237205
  0.05151880
  0.05085463
  0.05037994
  0.05009501
  0.05000001
  0.05009501
  0.05037994
  0.05085463
  0.05151880
  0.05237205
  0.05341386
  0.05464363
  0.05606060
  0.05766393
  0.05945267
  0.06142575
  0.06358199
  0.06592011
  0.06843872
  0.07113634
  0.07401135
  0.07706208
  0.08028672
  0.08368337
  0.08725004
  0.09098466
  0.09488503
  0.09894890
  0.10317390
  0.10755760
  0.11209747
  0.11679090
  0.12163522
  0.12662766
  0.13176538
  0.13704549
  0.14246502
  0.14802092
  0.15371010
  0.15952940
  0.16547560
  0.17154545
  0.17773562
  0.18404274
  0.19046341
  0.19699417
  0.20363153
  0.21037198
  0.21721194
  0.22414785
  0.23117607
  0.23829299
  0.24549494
  0.25277826
  0.26013926
  0.26757424
  0.27507951
  0.28265135
  0.29028606
  0.29797994
  0.30572927
  0.31353037
  0.32137955
  0.32927315
  0.33720749
  0.34517896
  0.35318392
  0.36121880
  0.36928003
  0.37736406
  0.38546740
  0.39358657
  0.40171814
  0.40985871
  0.41800492
  0.42615347
  0.43430108
  0.44244453
  0.45058065
  0.45870631
  0.46681845
  0.47491404
  0.48299012
  0.49104379
  0.49907219
  0.50707256
  0.51504214
  0.52297830
  0.53087841
  0.53873995
  0.54656044
  0.55433748
  0.56206872
  0.56975191
  0.57738483
  0.58496536
  0.59249142
  0.59996102
  0.60737224
  0.61472321
  0.62201217
  0.62923739
  0.63639722
  0.64349010
  0.65051452
  0.65746906
  0.66435233
  0.67116306
