 -0.00000677
 -0.00000461
 -0.00000211
  0.00000075
  0.00000395
  0.00000751
  0.00001140
  0.00001562
  0.00002014
  0.00002493
  0.00002995
  0.00003518
  0.00004055
  0.00004603
  0.00005154
  0.00005704
  0.00006247
  0.00006775
  0.00007283
  0.00007763
  0.00008211
  0.00008619
  0.00008983
  0.00009297
  0.00009558
  0.00009760
  0.00009902
  0.00009982
  0.00009998
  0.00009950
  0.00009839
  0.00009666
  0.00009434
  0.00009147
  0.00008807
  0.00008420
  0.00007992
  0.00007527
  0.00007032
  0.00006513
  0.00005977
  0.00005430
  0.00004878
  0.00004328
  0.00003785
  0.00003254
  0.00002741
  0.00002250
  0.00001784
  0.00001347
  0.00000942
  0.00000569
  0.00000231
 -0.00000072
 -0.00000340
 -0.00000573
 -0.00000772
