  5.93599196
  3.82251555
  1.64875692
 -0.55100311
 -2.74207364
 -4.88990086
 -6.96061287
 -8.92155394
-10.74179942
-12.39264352
-13.84805191
-15.08507238
-16.08419675
-16.82966851
-17.30973136
-17.51681457
-17.44765236
-17.10333545
-16.48929382
-15.61521109
-14.49487181
-13.14594405
-11.58970082
 -9.85068454
 -7.95632002
 -5.93648195
 -3.82302377
 -1.64927537
  0.55048260
  2.74155929
  4.88940077
  6.96013494
  8.92110569
 10.74138794
 12.39227528
 13.84773273
 15.08480729
 16.08398993
 16.82952322
 17.30964990
 17.51679821
 17.44770137
 17.10344905
 16.48947022
 15.61544751
 14.49516452
 13.14628844
 11.59009146
  9.85111526
  7.95678402
  5.93697192
  3.82353200
  1.64979383
 -0.54996208
 -2.74104493
 -4.88890068
 -6.95965700
