 -0.00000000
 -0.00000000
 -0.00000000
 -0.00000000
 -0.00000000
 -0.00000000
 -0.00000000
 -0.00000000
 -0.00000000
 -0.00000000
 -0.00000000
 -0.00000000
 -0.00000000
 -0.00000000
 -0.00000000
 -0.00000000
 -0.00000000
 -0.00000000
 -0.00000000
 -0.00000000
 -0.00000000
 -0.00000000
 -0.00000000
 -0.00000000
 -0.00000000
 -0.00000000
 -0.00000000
 -0.00000000
 -0.00000000
 -0.00000000
 -0.00000000
 -0.00000000
 -0.00000000
 -0.00000000
 -0.00000000
 -0.00000000
 -0.00000000
 -0.00000000
 -0.00000000
 -0.00000000
 -0.00000000
 -0.00000000
 -0.00000000
 -0.00000000
 -0.00000000
 -0.00000000
 -0.00000000
 -0.00000000
 -0.00000000
 -0.00000000
 -0.00000000
 -0.00000000
 -0.00000000
 -0.00000000
 -0.00000000
 -0.00000000
 -0.00000000
 -0.00000000
 -0.00000000
 -0.00000000
 -0.00000000
 -0.00000000
 -0.00000000
 -0.00000000
 -0.00000000
 -0.00000000
 -0.00000000
 -0.00000000
 -0.00000000
 -0.00000000
 -0.00000000
 -0.00000000
 -0.00000000
 -0.00000000
 -0.00000000
 -0.00000000
 -0.00000000
 -0.00000000
 -0.00000000
 -0.00000000
 -0.00000000
 -0.00000000
 -0.00000000
 -0.00000000
 -0.00000000
 -0.00000000
 -0.00000000
 -0.00000000
 -0.00000000
 -0.00000000
 -0.00000000
 -0.00000000
 -0.00000000
 -0.00000001
 -0.00000001
 -0.00000002
 -0.00000003
 -0.00000004
 -0.00000006
 -0.00000009
 -0.00000014
 -0.00000020
 -0.00000028
 -0.00000040
 -0.00000055
 -0.00000075
 -0.00000102
 -0.00000136
 -0.00000178
 -0.00000231
 -0.00000296
 -0.00000372
 -0.00000462
 -0.00000564
 -0.00000678
 -0.00000800
 -0.00000927
 -0.00001052
 -0.00001168
 -0.00001265
 -0.00001331
 -0.00001353
 -0.00001317
 -0.00001207
 -0.00001010
 -0.00000713
 -0.00000306
  0.00000216
  0.00000854
  0.00001602
  0.00002448
  0.00003374
  0.00004353
  0.00005355
  0.00006344
  0.00007283
  0.00008132
  0.00008856
  0.00009422
  0.00009805
  0.00009986
  0.00009957
  0.00009719
  0.00009284
  0.00008672
  0.00007910
  0.00007032
  0.00006075
  0.00005079
  0.00004080
  0.00003113
  0.00002207
  0.00001386
  0.00000667
  0.00000061
 -0.00000429
 -0.00000805
 -0.00001073
 -0.00001245
 -0.00001333
 -0.00001352
 -0.00001317
 -0.00001241
 -0.00001138
 -0.00001018
 -0.00000892
 -0.00000766
 -0.00000645
 -0.00000535
 -0.00000436
 -0.00000350
 -0.00000277
 -0.00000216
 -0.00000166
 -0.00000125
 -0.00000094
 -0.00000069
 -0.00000050
 -0.00000036
 -0.00000026
 -0.00000018
 -0.00000012
 -0.00000009
 -0.00000006
 -0.00000004
 -0.00000003
 -0.00000002
 -0.00000001
 -0.00000001
 -0.00000000
 -0.00000000
 -0.00000000
 -0.00000000
 -0.00000000
 -0.00000000
 -0.00000000
 -0.00000000
 -0.00000000
 -0.00000000
 -0.00000000
 -0.00000000
 -0.00000000
 -0.00000000
 -0.00000000
 -0.00000000
 -0.00000000
 -0.00000000
 -0.00000000
 -0.00000000
 -0.00000000
 -0.00000000
 -0.00000000
 -0.00000000
 -0.00000000
 -0.00000000
 -0.00000000
 -0.00000000
 -0.00000000
 -0.00000000
 -0.00000000
 -0.00000000
 -0.00000000
 -0.00000000
 -0.00000000
 -0.00000000
 -0.00000000
 -0.00000000
 -0.00000000
 -0.00000000
 -0.00000000
 -0.00000000
 -0.00000000
 -0.00000000
 -0.00000000
 -0.00000000
 -0.00000000
 -0.00000000
 -0.00000000
 -0.00000000
 -0.00000000
 -0.00000000
 -0.00000000
 -0.00000000
 -0.00000000
 -0.00000000
 -0.00000000
 -0.00000000
 -0.00000000
 -0.00000000
 -0.00000000
 -0.00000000
 -0.00000000
 -0.00000000
 -0.00000000
 -0.00000000
 -0.00000000
 -0.00000000
 -0.00000000
 -0.00000000
 -0.00000000
 -0.00000000
 -0.00000000
 -0.00000000
 -0.00000000
 -0.00000000
 -0.00000000
 -0.00000000
 -0.00000000
 -0.00000000
 -0.00000000
 -0.00000000
 -0.00000000
 -0.00000000
 -0.00000000
 -0.00000000
 -0.00000000
 -0.00000000
 -0.00000000
 -0.00000000
 -0.00000000
 -0.00000000
 -0.00000000
