  1.00000000
  1.00000000
  1.00000000
  1.00000000
  1.00000000
  1.00000000
  1.00000000
  1.00000000
  1.00000000
  1.00000000
  1.00000000
  1.00000000
  1.00000000
  1.00000000
  1.00000000
  1.00000000
  1.00000000
  1.00000000
  1.00000000
  1.00000000
  1.00000000
  1.00000000
  1.00000000
  1.00000000
  1.00000000
  1.00000000
  1.00000000
  1.00000000
  1.00000000
  1.00000000
  1.00000000
  1.00000000
  1.00000000
  1.00000000
  1.00000000
  1.00000000
  1.00000000
  1.00000000
  1.00000000
  1.00000000
  1.00000000
  1.00000000
  1.00000000
  1.00000000
  1.00000000
  1.00000000
  1.00000000
  1.00000000
  1.00000000
  1.00000000
  1.00000000
  1.00000000
  1.00000000
  1.00000000
  1.00000000
  1.00000000
  1.00000000
  1.00000000
  1.00000000
  1.00000000
  1.00000000
  1.00000000
  1.00000000
  1.00000000
  1.00000000
  1.00000000
  1.00000000
  1.00000000
  1.00000000
  1.00000000
  1.00000000
  1.00000000
  1.00000000
  1.00000000
  1.00000000
  1.00000000
  1.00000000
  1.00000000
  1.00000000
  1.00000000
  1.00000000
  0.99999999
  0.99999999
  0.99999997
  0.99999995
  0.99999991
  0.99999985
  0.99999973
  0.99999952
  0.99999917
  0.99999858
  0.99999760
  0.99999597
  0.99999332
  0.99998903
  0.99998218
  0.99997136
  0.99995445
  0.99992832
  0.99988838
  0.99982803
  0.99973783
  0.99960451
  0.99940969
  0.99912817
  0.99872593
  0.99815772
  0.99736411
  0.99626832
  0.99477259
  0.99275440
  0.99006270
  0.98651446
  0.98189185
  0.97594056
  0.96836975
  0.95885418
  0.94703920
  0.93254887
  0.91499789
  0.89400730
  0.86922400
  0.84034374
  0.80713667
  0.76947439
  0.72735690
  0.68093758
  0.63054410
  0.57669307
  0.52009647
  0.46165792
  0.40245788
  0.34372701
  0.28680819
  0.23310841
  0.18404274
  0.14097331
  0.10514697
  0.07763550
  0.05928242
  0.05066007
  0.05203993
  0.06337843
  0.08431927
  0.11421197
  0.15214547
  0.19699417
  0.24747339
  0.30220022
  0.35975586
  0.41874566
  0.47785321
  0.53588583
  0.59180954
  0.64477242
  0.69411631
  0.73937757
  0.78027825
  0.81670943
  0.84870903
  0.87643607
  0.90014353
  0.92015154
  0.93682247
  0.95053881
  0.96168469
  0.97063122
  0.97772564
  0.98328407
  0.98758744
  0.99087993
  0.99336958
  0.99523032
  0.99660497
  0.99760887
  0.99833364
  0.99885094
  0.99921600
  0.99947070
  0.99964642
  0.99976629
  0.99984714
  0.99990108
  0.99993666
  0.99995986
  0.99997484
  0.99998439
  0.99999042
  0.99999418
  0.99999650
  0.99999792
  0.99999878
  0.99999929
  0.99999959
  0.99999977
  0.99999987
  0.99999993
  0.99999996
  0.99999998
  0.99999999
  0.99999999
  1.00000000
  1.00000000
  1.00000000
  1.00000000
  1.00000000
  1.00000000
  1.00000000
  1.00000000
  1.00000000
  1.00000000
  1.00000000
  1.00000000
  1.00000000
  1.00000000
  1.00000000
  1.00000000
  1.00000000
  1.00000000
  1.00000000
  1.00000000
  1.00000000
  1.00000000
  1.00000000
  1.00000000
  1.00000000
  1.00000000
  1.00000000
  1.00000000
  1.00000000
  1.00000000
  1.00000000
  1.00000000
  1.00000000
  1.00000000
  1.00000000
  1.00000000
  1.00000000
  1.00000000
  1.00000000
  1.00000000
  1.00000000
  1.00000000
  1.00000000
  1.00000000
  1.00000000
  1.00000000
  1.00000000
  1.00000000
  1.00000000
  1.00000000
  1.00000000
  1.00000000
  1.00000000
  1.00000000
  1.00000000
  1.00000000
  1.00000000
  1.00000000
  1.00000000
  1.00000000
  1.00000000
  1.00000000
  1.00000000
  1.00000000
  1.00000000
  1.00000000
  1.00000000
  1.00000000
  1.00000000
  1.00000000
  1.00000000
  1.00000000
  1.00000000
  1.00000000
  1.00000000
  1.00000000
  1.00000000
  1.00000000
  1.00000000
  1.00000000
  1.00000000
