-10.20818182
-10.13545455
-10.06272727
 -9.99000000
 -9.91727273
 -9.84454545
 -9.77181818
 -9.69909091
 -9.62636364
 -9.55363636
 -9.48090909
 -9.40818182
 -9.33545455
 -9.26272727
 -9.19000000
 -9.11727273
 -9.04454545
 -8.97181818
 -8.89909091
 -8.82636364
 -8.75363636
 -8.68090909
 -8.60818182
 -8.53545455
 -8.46272727
 -8.39000000
 -8.31727273
 -8.24454545
 -8.17181818
 -8.09909091
 -8.02636364
 -7.95363636
 -7.88090909
 -7.80818182
 -7.73545455
 -7.66272727
 -7.59000000
 -7.51727273
 -7.44454545
 -7.37181818
 -7.29909091
 -7.22636364
 -7.15363636
 -7.08090909
 -7.00818182
 -6.93545455
 -6.86272727
 -6.79000000
 -6.71727273
 -6.64454545
 -6.57181818
 -6.49909091
 -6.42636364
 -6.35363636
 -6.28090909
 -6.20818182
 -6.13545455
 -6.06272727
 -5.99000000
 -5.91727273
 -5.84454545
 -5.77181818
 -5.69909091
 -5.62636364
 -5.55363636
 -5.48090909
 -5.40818182
 -5.33545455
 -5.26272727
 -5.19000000
 -5.11727273
 -5.04454545
 -4.97181818
 -4.89909091
 -4.82636364
 -4.75363636
 -4.68090909
 -4.60818182
 -4.53545455
 -4.46272727
 -4.39000000
 -4.31727273
 -4.24454545
 -4.17181818
 -4.09909091
 -4.02636364
 -3.95363636
 -3.88090909
 -3.80818182
 -3.73545455
 -3.66272727
 -3.59000000
 -3.51727273
 -3.44454545
 -3.37181818
 -3.29909091
 -3.22636364
 -3.15363636
 -3.08090909
 -3.00818182
 -2.93545455
 -2.86272727
 -2.79000000
 -2.71727273
 -2.64454545
 -2.57181818
 -2.49909091
 -2.42636364
 -2.35363636
 -2.28090909
 -2.20818182
 -2.13545455
 -2.06272727
 -1.99000000
 -1.91727273
 -1.84454545
 -1.77181818
 -1.69909091
 -1.62636364
 -1.55363636
 -1.48090909
 -1.40818182
 -1.33545455
 -1.26272727
 -1.19000000
 -1.11727273
 -1.04454545
 -0.97181818
 -0.89909091
 -0.82636364
 -0.75363636
 -0.68090909
 -0.60818182
 -0.53545455
 -0.46272727
 -0.39000000
 -0.31727273
 -0.24454545
 -0.17181818
 -0.09909091
 -0.02636364
  0.04636364
  0.11909091
  0.19181818
  0.26454545
  0.33727273
  0.41000000
  0.48272727
  0.55545455
  0.62818182
  0.70090909
  0.77363636
  0.84636364
  0.91909091
  0.99181818
  1.06454545
  1.13727273
  1.21000000
  1.28272727
  1.35545455
  1.42818182
  1.50090909
  1.57363636
  1.64636364
  1.71909091
  1.79181818
  1.86454545
  1.93727273
  2.01000000
  2.08272727
  2.15545455
  2.22818182
  2.30090909
  2.37363636
  2.44636364
  2.51909091
  2.59181818
  2.66454545
  2.73727273
  2.81000000
  2.88272727
  2.95545455
  3.02818182
  3.10090909
  3.17363636
  3.24636364
  3.31909091
  3.39181818
  3.46454545
  3.53727273
  3.61000000
  3.68272727
  3.75545455
  3.82818182
  3.90090909
  3.97363636
  4.04636364
  4.11909091
  4.19181818
  4.26454545
  4.33727273
  4.41000000
  4.48272727
  4.55545455
  4.62818182
  4.70090909
  4.77363636
  4.84636364
  4.91909091
  4.99181818
  5.06454545
  5.13727273
  5.21000000
  5.28272727
  5.35545455
  5.42818182
  5.50090909
  5.57363636
  5.64636364
  5.71909091
  5.79181818
  5.86454545
  5.93727273
  6.01000000
  6.08272727
  6.15545455
  6.22818182
  6.30090909
  6.37363636
  6.44636364
  6.51909091
  6.59181818
  6.66454545
  6.73727273
  6.81000000
  6.88272727
  6.95545455
  7.02818182
  7.10090909
  7.17363636
  7.24636364
  7.31909091
  7.39181818
  7.46454545
  7.53727273
  7.61000000
  7.68272727
  7.75545455
  7.82818182
  7.90090909
  7.97363636
  8.04636364
  8.11909091
  8.19181818
  8.26454545
  8.33727273
  8.41000000
  8.48272727
  8.55545455
  8.62818182
  8.70090909
  8.77363636
  8.84636364
  8.91909091
  8.99181818
  9.06454545
  9.13727273
  9.21000000
  9.28272727
  9.35545455
  9.42818182
  9.50090909
  9.57363636
  9.64636364
  9.71909091
  9.79181818
  9.86454545
  9.93727273
 10.01000000
 10.08272727
 10.15545455
 10.22818182
