  8.98737488
  3.12772419
 -3.13079851
 -8.99005714
-13.70283291
-16.66811555
-17.50774889
-16.11465626
-12.66649581
 -7.60300410
 -1.56991745
  4.66337742
 10.30196170
 14.62675873
 17.08623633
 17.36674257
 15.43250509
 11.53019307
  6.15746006
 -0.00052073
 -6.15843511
-11.53097737
-15.43299861
-17.36688239
-17.08600460
-14.62618500
-10.30111916
 -4.66237350
  1.57095473
  7.60394244
 12.66721556
 16.11506562
 17.50779566
 16.66779377
 13.70218361
  8.98916312
  3.12977379
 -3.12874893
 -8.98826896
-13.70153417
-16.66747189
-17.50784238
-16.11547498
-12.66793535
 -7.60488088
 -1.57199214
  4.66136942
 10.30027646
 14.62561115
 17.08577278
 17.36702216
 15.43349215
 11.53176173
  6.15941028
  0.00156234
 -6.15648485
-11.52940862
