 -0.00000004
 -0.00000007
 -0.00000013
 -0.00000023
 -0.00000040
 -0.00000067
 -0.00000107
 -0.00000167
 -0.00000251
 -0.00000364
 -0.00000509
 -0.00000683
 -0.00000877
 -0.00001074
 -0.00001244
 -0.00001344
 -0.00001323
 -0.00001126
 -0.00000698
 -0.00000000
  0.00000983
  0.00002233
  0.00003689
  0.00005253
  0.00006794
  0.00008165
  0.00009224
  0.00009854
  0.00009984
  0.00009598
  0.00008741
  0.00007510
  0.00006035
  0.00004465
  0.00002941
  0.00001578
  0.00000456
 -0.00000384
 -0.00000944
 -0.00001250
 -0.00001352
 -0.00001305
 -0.00001165
 -0.00000977
 -0.00000778
 -0.00000592
 -0.00000432
 -0.00000304
 -0.00000206
 -0.00000134
 -0.00000085
 -0.00000052
 -0.00000031
 -0.00000018
 -0.00000010
 -0.00000005
 -0.00000003
