  0.99995930
  0.99991706
  0.99983535
  0.99968157
  0.99940004
  0.99889873
  0.99803068
  0.99656922
  0.99417728
  0.99037248
  0.98449194
  0.97566362
  0.96279430
  0.94458616
  0.91959517
  0.88634169
  0.84347799
  0.79000700
  0.72553347
  0.65051454
  0.56646515
  0.47606903
  0.38315040
  0.29247845
  0.20940288
  0.13935125
  0.08725004
  0.05695403
  0.05077521
  0.06919127
  0.11078458
  0.17242247
  0.24964712
  0.33720750
  0.42964562
  0.52184672
  0.60947875
  0.68927417
  0.75913971
  0.81811025
  0.86618450
  0.90409091
  0.93303185
  0.95444543
  0.96981086
  0.98050942
  0.98774103
  0.99248830
  0.99551587
  0.99739221
  0.99852252
  0.99918449
  0.99956148
  0.99977028
  0.99988276
  0.99994171
  0.99997177
