  0.00000000
  0.00000000
  0.00000000
  0.76227937
  0.81645533
  0.91198286
  0.99436031
  1.07384007
  1.14738833
  1.21343590
  1.27044305
  1.31693551
  1.35154127
  1.37302698
  1.38033295
  1.37260563
  1.34922655
  1.30983674
  1.25435561
  1.18299363
  1.09625824
  0.99495241
  0.88016586
  0.75325888
  0.61583896
  0.46973091
  0.31694105
  0.15961640
  0.00000000
 -0.15961640
 -0.31694105
 -0.46973091
 -0.61583896
 -0.75325888
 -0.88016586
 -0.99495241
 -1.09625824
 -1.18299363
 -1.25435561
 -1.30983674
 -1.34922655
 -1.37260563
 -1.38033295
 -1.37302698
 -1.35154127
 -1.31693551
 -1.27044305
 -1.21343590
 -1.14738833
 -1.07384007
 -0.99436031
 -0.91198286
 -0.81645533
 -0.76227937
  0.00000000
  0.00000000
  0.00000000
