127.47548784
127.47548784
127.47548784
127.47548784
127.47548784
127.47548784
127.47548784
127.47548784
127.47548784
127.47548784
127.47548784
127.47548784
127.47548784
127.47548784
127.47548784
127.47548784
127.47548784
127.47548784
127.47548784
127.47548784
127.47548784
127.47548784
127.47548784
127.47548784
127.47548784
127.47548784
127.47548784
127.47548784
127.47548784
127.47548784
127.47548784
127.47548784
127.47548784
127.47548784
127.47548784
127.47548784
127.47548784
127.47548784
127.47548784
127.47548784
127.47548784
127.47548784
127.47548784
127.47548784
127.47548784
127.47548784
127.47548784
127.47548784
127.47548784
127.47548784
127.47548784
127.47548784
127.47548784
127.47548784
127.47548784
127.47548784
127.47548784
