  0.00000000
  0.00000000
  0.00000000
 -0.00000000
  2.42341131
  2.11343596
  2.04805174
  1.91940579
  1.75145448
  1.54449387
  1.29970557
  1.01918567
  0.70594912
  0.36390793
 -0.00217774
 -0.38677537
 -0.78368191
 -1.18614958
 -1.58703261
 -1.97895132
 -2.35446886
 -2.70627540
 -3.02737437
 -3.31126469
 -3.55211334
 -3.74491250
 -3.88561609
 -3.97125109
 -3.99999994
 -3.97125109
 -3.88561609
 -3.74491250
 -3.55211334
 -3.31126469
 -3.02737437
 -2.70627540
 -2.35446886
 -1.97895132
 -1.58703261
 -1.18614958
 -0.78368191
 -0.38677537
 -0.00217774
  0.36390793
  0.70594912
  1.01918567
  1.29970557
  1.54449387
  1.75145448
  1.91940579
  2.04805174
  2.11343596
  2.42341131
 -0.00000000
  0.00000000
  0.00000000
  0.00000000
