   5.3999998635845259E-002
  0.10799999727169052     
  0.16199999590753578     
  0.21599999454338104     
  0.26999999317922629     
  0.32399999181507155     
  0.37799999045091681     
  0.43199998908676207     
  0.48599998772260733     
  0.53999998635845259     
  0.59399998499429785     
  0.64799998363014311     
  0.70199998226598836     
  0.75599998090183362     
  0.80999997953767888     
  0.86399997817352414     
  0.91799997680936940     
  0.97199997544521466     
   1.0259999740810599     
   1.0799999727169052     
   1.1339999713527504     
   1.1879999699885957     
   1.2419999686244410     
   1.2959999672602862     
   1.3499999658961315     
   1.4039999645319767     
   1.4579999631678220     
   1.5119999618036672     
   1.5659999604395125     
   1.6199999590753578     
   1.6739999577112030     
   1.7279999563470483     
   1.7819999549828935     
   1.8359999536187388     
   1.8899999522545841     
   1.9439999508904293     
   1.9979999495262746     
   2.0519999481621198     
   2.1059999467979651     
   2.1599999454338104     
   2.2139999440696556     
   2.2679999427055009     
   2.3219999413413461     
   2.3759999399771914     
   2.4299999386130366     
   2.4839999372488819     
   2.5379999358847272     
   2.5919999345205724     
   2.6459999331564177     
   2.6999999317922629     
   2.7539999304281082     
   2.8079999290639535     
   2.8619999276997987     
   2.9159999263356440     
   2.9699999249714892     
   3.0239999236073345     
   3.0779999222431798     
   3.1319999208790250     
   3.1859999195148703     
   3.2399999181507155     
   3.2939999167865608     
   3.3479999154224060     
   3.4019999140582513     
   3.4559999126940966     
   3.5099999113299418     
   3.5639999099657871     
   3.6179999086016323     
   3.6719999072374776     
   3.7259999058733229     
   3.7799999045091681     
   3.8339999031450134     
   3.8879999017808586     
   3.9419999004167039     
   3.9959998990525492     
   4.0499998976883944     
   4.1039998963242397     
   4.1579998949600849     
   4.2119998935959302     
   4.2659998922317754     
   4.3199998908676207     
   4.3739998895034660     
   4.4279998881393112     
   4.4819998867751565     
   4.5359998854110017     
   4.5899998840468470     
   4.6439998826826923     
   4.6979998813185375     
   4.7519998799543828     
   4.8059998785902280     
   4.8599998772260733     
   4.9139998758619186     
   4.9679998744977638     
   5.0219998731336091     
   5.0759998717694543     
   5.1299998704052996     
   5.1839998690411448     
   5.2379998676769901     
   5.2919998663128354     
   5.3459998649486806     
   5.3999998635845259     
   5.4539998622203711     
   5.5079998608562164     
   5.5619998594920617     
   5.6159998581279069     
   5.6699998567637522     
   5.7239998553995974     
   5.7779998540354427     
   5.8319998526712880     
   5.8859998513071332     
   5.9399998499429785     
   5.9939998485788237     
   6.0479998472146690     
   6.1019998458505142     
   6.1559998444863595     
   6.2099998431222048     
   6.2639998417580500     
   6.3179998403938953     
   6.3719998390297405     
   6.4259998376655858     
   6.4799998363014311     
   6.5339998349372763     
   6.5879998335731216     
   6.6419998322089668     
   6.6959998308448121     
   6.7499998294806574     
   6.8039998281165026     
   6.8579998267523479     
   6.9119998253881931     
   6.9659998240240384     
   7.0199998226598836     
   7.0739998212957289     
   7.1279998199315742     
   7.1819998185674194     
   7.2359998172032647     
   7.2899998158391099     
   7.3439998144749552     
   7.3979998131108005     
   7.4519998117466457     
   7.5059998103824910     
   7.5599998090183362     
   7.6139998076541815     
   7.6679998062900268     
   7.7219998049258720     
   7.7759998035617173     
   7.8299998021975625     
   7.8839998008334078     
   7.9379997994692530     
   7.9919997981050983     
   8.0459997967409436     
   8.0999997953767888     
   8.1539997940126341     
   8.2079997926484793     
   8.2619997912843246     
   8.3159997899201699     
   8.3699997885560151     
   8.4239997871918604     
   8.4779997858277056     
   8.5319997844635509     
   8.5859997830993962     
   8.6399997817352414     
   8.6939997803710867     
   8.7479997790069319     
   8.8019997776427772     
   8.8559997762786224     
   8.9099997749144677     
   8.9639997735503130     
   9.0179997721861582     
   9.0719997708220035     
   9.1259997694578487     
   9.1799997680936940     
   9.2339997667295393     
   9.2879997653653845     
   9.3419997640012298     
   9.3959997626370750     
   9.4499997612729203     
   9.5039997599087656     
   9.5579997585446108     
   9.6119997571804561     
   9.6659997558163013     
   9.7199997544521466     
   9.7739997530879918     
   9.8279997517238371     
   9.8819997503596824     
   9.9359997489955276     
   9.9899997476313729     
   10.043999746267218     
   10.097999744903063     
   10.151999743538909     
   10.205999742174754     
   10.259999740810599     
   10.313999739446444     
   10.367999738082290     
   10.421999736718135     
   10.475999735353980     
   10.529999733989825     
   10.583999732625671     
   10.637999731261516     
   10.691999729897361     
   10.745999728533207     
   10.799999727169052     
   10.853999725804897     
   10.907999724440742     
   10.961999723076588     
   11.015999721712433     
   11.069999720348278     
   11.123999718984123     
   11.177999717619969     
   11.231999716255814     
   11.285999714891659     
   11.339999713527504     
   11.393999712163350     
   11.447999710799195     
   11.501999709435040     
   11.555999708070885     
   11.609999706706731     
   11.663999705342576     
   11.717999703978421     
   11.771999702614266     
   11.825999701250112     
   11.879999699885957     
   11.933999698521802     
   11.987999697157647     
   12.041999695793493     
   12.095999694429338     
   12.149999693065183     
   12.203999691701028     
   12.257999690336874     
   12.311999688972719     
   12.365999687608564     
   12.419999686244410     
   12.473999684880255     
   12.527999683516100     
   12.581999682151945     
   12.635999680787791     
   12.689999679423636     
   12.743999678059481     
   12.797999676695326     
   12.851999675331172     
   12.905999673967017     
   12.959999672602862     
   13.013999671238707     
   13.067999669874553     
   13.121999668510398     
   13.175999667146243     
   13.229999665782088     
   13.283999664417934     
   13.337999663053779     
   13.391999661689624     
   13.445999660325469     
   13.499999658961315     
   13.553999657597160     
   13.607999656233005     
   13.661999654868850     
   13.715999653504696     
   13.769999652140541     
   13.823999650776386     
   13.877999649412232     
   13.931999648048077     
   13.985999646683922     
   14.039999645319767     
   14.093999643955613     
   14.147999642591458     
   14.201999641227303     
   14.255999639863148     
   14.309999638498994     
   14.363999637134839     
   14.417999635770684     
   14.471999634406529     
   14.525999633042375     
   14.579999631678220     
   14.633999630314065     
   14.687999628949910     
   14.741999627585756     
   14.795999626221601     
   14.849999624857446     
   14.903999623493291     
   14.957999622129137     
   15.011999620764982     
   15.065999619400827     
   15.119999618036672     
   15.173999616672518     
   15.227999615308363     
   15.281999613944208     
   15.335999612580054     
   15.389999611215899     
   15.443999609851744     
   15.497999608487589     
   15.551999607123435     
   15.605999605759280     
   15.659999604395125     
   15.713999603030970     
   15.767999601666816     
   15.821999600302661     
   15.875999598938506     
   15.929999597574351     
   15.983999596210197     
   16.037999594846042     
   16.091999593481887     
   16.145999592117732     
   16.199999590753578     
   16.253999589389423     
   16.307999588025268     
   16.361999586661113     
   16.415999585296959     
   16.469999583932804     
   16.523999582568649     
   16.577999581204494     
   16.631999579840340     
   16.685999578476185     
   16.739999577112030     
   16.793999575747875     
   16.847999574383721     
   16.901999573019566     
   16.955999571655411     
   17.009999570291257     
   17.063999568927102     
   17.117999567562947     
   17.171999566198792     
   17.225999564834638     
   17.279999563470483     
   17.333999562106328     
   17.387999560742173     
   17.441999559378019     
   17.495999558013864     
   17.549999556649709     
   17.603999555285554     
   17.657999553921400     
   17.711999552557245     
   17.765999551193090     
   17.819999549828935     
   17.873999548464781     
   17.927999547100626     
   17.981999545736471     
   18.035999544372316     
   18.089999543008162     
   18.143999541644007     
   18.197999540279852     
   18.251999538915697     
   18.305999537551543     
   18.359999536187388     
   18.413999534823233     
   18.467999533459079     
   18.521999532094924     
   18.575999530730769     
   18.629999529366614     
   18.683999528002460     
   18.737999526638305     
   18.791999525274150     
   18.845999523909995     
   18.899999522545841     
   18.953999521181686     
   19.007999519817531     
   19.061999518453376     
   19.115999517089222     
   19.169999515725067     
   19.223999514360912     
   19.277999512996757     
   19.331999511632603     
   19.385999510268448     
   19.439999508904293     
   19.493999507540138     
   19.547999506175984     
   19.601999504811829     
   19.655999503447674     
   19.709999502083519     
   19.763999500719365     
   19.817999499355210     
   19.871999497991055     
   19.925999496626901     
   19.979999495262746     
   20.033999493898591     
   20.087999492534436     
   20.141999491170282     
   20.195999489806127     
   20.249999488441972     
   20.303999487077817     
   20.357999485713663     
   20.411999484349508     
   20.465999482985353     
   20.519999481621198     
   20.573999480257044     
   20.627999478892889     
   20.681999477528734     
   20.735999476164579     
   20.789999474800425     
   20.843999473436270     
   20.897999472072115     
   20.951999470707960     
   21.005999469343806     
   21.059999467979651     
   21.113999466615496     
   21.167999465251341     
   21.221999463887187     
   21.275999462523032     
   21.329999461158877     
   21.383999459794722     
   21.437999458430568     
   21.491999457066413     
   21.545999455702258     
   21.599999454338104     
   21.653999452973949     
   21.707999451609794     
   21.761999450245639     
   21.815999448881485     
   21.869999447517330     
   21.923999446153175     
   21.977999444789020     
   22.031999443424866     
   22.085999442060711     
   22.139999440696556     
   22.193999439332401     
   22.247999437968247     
   22.301999436604092     
   22.355999435239937     
   22.409999433875782     
   22.463999432511628     
   22.517999431147473     
   22.571999429783318     
   22.625999428419163     
   22.679999427055009     
   22.733999425690854     
   22.787999424326699     
   22.841999422962544     
   22.895999421598390     
   22.949999420234235     
   23.003999418870080     
   23.057999417505926     
   23.111999416141771     
   23.165999414777616     
   23.219999413413461     
   23.273999412049307     
   23.327999410685152     
   23.381999409320997     
   23.435999407956842     
   23.489999406592688     
   23.543999405228533     
   23.597999403864378     
   23.651999402500223     
   23.705999401136069     
   23.759999399771914     
   23.813999398407759     
   23.867999397043604     
   23.921999395679450     
   23.975999394315295     
   24.029999392951140     
   24.083999391586985     
   24.137999390222831     
   24.191999388858676     
   24.245999387494521     
   24.299999386130366     
   24.353999384766212     
   24.407999383402057     
   24.461999382037902     
   24.515999380673748     
   24.569999379309593     
   24.623999377945438     
   24.677999376581283     
   24.731999375217129     
   24.785999373852974     
   24.839999372488819     
   24.893999371124664     
   24.947999369760510     
   25.001999368396355     
   25.055999367032200     
   25.109999365668045     
   25.163999364303891     
   25.217999362939736     
   25.271999361575581     
   25.325999360211426     
   25.379999358847272     
   25.433999357483117     
   25.487999356118962     
   25.541999354754807     
   25.595999353390653     
   25.649999352026498     
   25.703999350662343     
   25.757999349298188     
   25.811999347934034     
   25.865999346569879     
   25.919999345205724     
   25.973999343841569     
   26.027999342477415     
   26.081999341113260     
   26.135999339749105     
   26.189999338384951     
   26.243999337020796     
   26.297999335656641     
   26.351999334292486     
   26.405999332928332     
   26.459999331564177     
   26.513999330200022     
   26.567999328835867     
   26.621999327471713     
   26.675999326107558     
   26.729999324743403     
   26.783999323379248     
   26.837999322015094     
   26.891999320650939     
   26.945999319286784     
   26.999999317922629     
