 -3.17142857
 -3.05714286
 -2.94285714
 -2.82857143
 -2.71428571
 -2.60000000
 -2.48571429
 -2.37142857
 -2.25714286
 -2.14285714
 -2.02857143
 -1.91428571
 -1.80000000
 -1.68571429
 -1.57142857
 -1.45714286
 -1.34285714
 -1.22857143
 -1.11428571
 -1.00000000
 -0.88571429
 -0.77142857
 -0.65714286
 -0.54285714
 -0.42857143
 -0.31428571
 -0.20000000
 -0.08571429
  0.02857143
  0.14285714
  0.25714286
  0.37142857
  0.48571429
  0.60000000
  0.71428571
  0.82857143
  0.94285714
  1.05714286
  1.17142857
  1.28571429
  1.40000000
  1.51428571
  1.62857143
  1.74285714
  1.85714286
  1.97142857
  2.08571429
  2.20000000
  2.31428571
  2.42857143
  2.54285714
  2.65714286
  2.77142857
  2.88571429
  3.00000000
  3.11428571
  3.22857143
