 -0.00303761
 -0.00217134
 -0.00187559
  0.00102168
  0.00072650
  0.00322029
  0.00296821
  0.00338354
  0.00441210
  0.00379351
  0.00494929
  0.00465186
  0.00527960
  0.00540741
  0.00574455
  0.00599287
  0.00625719
  0.00650512
  0.00674424
  0.00697216
  0.00718866
  0.00739316
  0.00758515
  0.00776414
  0.00792969
  0.00808136
  0.00821878
  0.00834159
  0.00844949
  0.00854221
  0.00861951
  0.00868122
  0.00872720
  0.00875736
  0.00877164
  0.00877007
  0.00875270
  0.00871962
  0.00867101
  0.00860705
  0.00852802
  0.00843422
  0.00832599
  0.00820376
  0.00806797
  0.00791912
  0.00775776
  0.00758446
  0.00739987
  0.00720465
  0.00699949
  0.00678515
  0.00656239
  0.00633200
  0.00609481
  0.00585166
  0.00560342
  0.00535097
  0.00509518
  0.00483696
  0.00457720
  0.00431681
  0.00405667
  0.00379768
  0.00354070
  0.00328659
  0.00303618
  0.00279029
  0.00254970
  0.00231516
  0.00208738
  0.00186704
  0.00165478
  0.00145119
  0.00125679
  0.00107210
  0.00089753
  0.00073348
  0.00058027
  0.00043816
  0.00030736
  0.00018801
  0.00008019
 -0.00001607
 -0.00010082
 -0.00017416
 -0.00023627
 -0.00028736
 -0.00032774
 -0.00035774
 -0.00037776
 -0.00038827
 -0.00038977
 -0.00038283
 -0.00036803
 -0.00034604
 -0.00031754
 -0.00028324
 -0.00024392
 -0.00020034
 -0.00015332
 -0.00010369
 -0.00005228
  0.00000006
  0.00005246
  0.00010407
  0.00015402
  0.00020149
  0.00024562
  0.00028560
  0.00032064
  0.00034997
  0.00037284
  0.00038856
  0.00039645
  0.00039590
  0.00038632
  0.00036718
  0.00033800
  0.00029836
  0.00024789
  0.00018628
  0.00011329
  0.00002871
 -0.00006756
 -0.00017559
 -0.00029538
 -0.00042686
 -0.00056989
 -0.00072429
 -0.00088979
 -0.00106608
 -0.00125278
 -0.00144944
 -0.00165558
 -0.00187066
 -0.00209407
 -0.00232517
 -0.00256328
 -0.00280766
 -0.00305754
 -0.00331214
 -0.00357060
 -0.00383209
 -0.00409571
 -0.00436058
 -0.00462577
 -0.00489037
 -0.00515346
 -0.00541411
 -0.00567139
 -0.00592440
 -0.00617221
 -0.00641396
 -0.00664876
 -0.00687576
 -0.00709416
 -0.00730315
 -0.00750198
 -0.00768992
 -0.00786629
 -0.00803045
 -0.00818178
 -0.00831975
 -0.00844384
 -0.00855358
 -0.00864858
 -0.00872846
 -0.00879292
 -0.00884171
 -0.00887462
 -0.00889150
 -0.00889225
 -0.00887683
 -0.00884523
 -0.00879752
 -0.00873379
 -0.00865420
 -0.00855895
 -0.00844828
 -0.00832247
 -0.00818186
 -0.00802682
 -0.00785774
 -0.00767507
 -0.00747928
 -0.00727087
 -0.00705038
 -0.00681830
 -0.00657568
 -0.00632016
 -0.00606901
 -0.00573926
 -0.00570460
 -0.00449229
 -0.00722297
  0.00163176
 -0.01860716
  0.02274423
 -0.04247613
  0.03556038
 -0.01647512
 -0.03427621
  0.08221675
  0.00327674
  0.01157906
 -0.00921848
