  0.19366164
 -0.02421342
  0.08088137
 -0.00004655
  0.13041095
 -0.35187410
  0.25818865
 -0.46300722
  0.11591125
 -0.36870795
 -0.11142535
 -0.29739699
 -0.25540900
 -0.31347213
 -0.33331645
 -0.36510010
 -0.39309413
 -0.42151214
 -0.44933371
 -0.47673397
 -0.50365035
 -0.53006238
 -0.55594371
 -0.58126944
 -0.60601509
 -0.63015687
 -0.65367151
 -0.67653647
 -0.69872980
 -0.72023027
 -0.74101734
 -0.76107116
 -0.78037266
 -0.79890344
 -0.81664598
 -0.83358338
 -0.84969970
 -0.86497964
 -0.87940887
 -0.89297373
 -0.90566154
 -0.91746033
 -0.92835913
 -0.93834766
 -0.94741669
 -0.95555768
 -0.96276315
 -0.96902633
 -0.97434149
 -0.97870367
 -0.98210891
 -0.98455402
 -0.98603686
 -0.98655601
 -0.98611113
 -0.98470258
 -0.98233183
 -0.97900102
 -0.97471336
 -0.96947280
 -0.96328430
 -0.95615359
 -0.94808733
 -0.93909301
 -0.92917900
 -0.91835450
 -0.90662959
 -0.89401513
 -0.88052284
 -0.86616525
 -0.85095569
 -0.83490830
 -0.81803798
 -0.80036043
 -0.78189208
 -0.76265014
 -0.74265254
 -0.72191792
 -0.70046565
 -0.67831577
 -0.65548902
 -0.63200678
 -0.60789109
 -0.58316461
 -0.55785061
 -0.53197295
 -0.50555608
 -0.47862497
 -0.45120517
 -0.42332269
 -0.39500407
 -0.36627632
 -0.33716688
 -0.30770363
 -0.27791484
 -0.24782917
 -0.21747562
 -0.18688353
 -0.15608254
 -0.12510257
 -0.09397376
 -0.06272652
 -0.03139141
  0.00000081
  0.03141929
  0.06283302
  0.09421097
  0.12552201
  0.15673503
  0.18781894
  0.21874268
  0.24947528
  0.27998589
  0.31024380
  0.34021847
  0.36987959
  0.39919708
  0.42814116
  0.45668233
  0.48479146
  0.51243980
  0.53959900
  0.56624114
  0.59233882
  0.61786510
  0.64279362
  0.66709858
  0.69075477
  0.71373762
  0.73602325
  0.75758843
  0.77841070
  0.79846829
  0.81774027
  0.83620646
  0.85384752
  0.87064499
  0.88658123
  0.90163956
  0.91580412
  0.92906014
  0.94139356
  0.95279164
  0.96324214
  0.97273448
  0.98125818
  0.98880503
  0.99536620
  1.00093599
  1.00550727
  1.00907671
  1.01163919
  1.01319346
  1.01373668
  1.01326948
  1.01179146
  1.00930503
  1.00581224
  1.00131736
  0.99582465
  0.98934046
  0.98187110
  0.97342487
  0.96401041
  0.95363750
  0.94231744
  0.93006129
  0.91688268
  0.90279457
  0.88781198
  0.87195046
  0.85522596
  0.83765651
  0.81925922
  0.80005409
  0.78005975
  0.75929765
  0.73778825
  0.71555402
  0.69261741
  0.66900164
  0.64473105
  0.61982973
  0.59432347
  0.56823742
  0.54159850
  0.51443285
  0.48676956
  0.45862532
  0.43010794
  0.40071541
  0.37366182
  0.33184031
  0.35768042
  0.09826482
  0.89452582
 -1.74750746
  5.36895796
-11.42063562
 21.65944694
-32.18163996
 36.77048902
-26.82505261
  2.13894528
  5.68066495
 -7.22443975
  5.64837998
