  0.09407784
  0.06276027
  0.03138076
 -0.00002971
 -0.03144016
 -0.06281958
 -0.09413701
 -0.12536153
 -0.15646235
 -0.18740875
 -0.21817021
 -0.24871637
 -0.27901707
 -0.30904243
 -0.33876280
 -0.36814887
 -0.39717162
 -0.42580241
 -0.45401300
 -0.48177555
 -0.50906264
 -0.53584737
 -0.56210328
 -0.58780448
 -0.61292560
 -0.63744185
 -0.66132903
 -0.68456357
 -0.70712254
 -0.72898368
 -0.75012541
 -0.77052688
 -0.79016794
 -0.80902922
 -0.82709210
 -0.84433875
 -0.86075216
 -0.87631613
 -0.89101529
 -0.90483515
 -0.91776206
 -0.92978327
 -0.94088691
 -0.95106203
 -0.96029858
 -0.96858745
 -0.97592046
 -0.98229037
 -0.98769090
 -0.99211671
 -0.99556345
 -0.99802770
 -0.99950704
 -1.00000000
 -0.99950610
 -0.99802583
 -0.99556065
 -0.99211299
 -0.98768625
 -0.98228480
 -0.97591397
 -0.96858006
 -0.96029029
 -0.95105284
 -0.94087684
 -0.92977233
 -0.91775026
 -0.90482250
 -0.89100180
 -0.87630181
 -0.86073704
 -0.84432283
 -0.82707540
 -0.80901175
 -0.79014973
 -0.77050794
 -0.75010576
 -0.72896334
 -0.70710153
 -0.68454191
 -0.66130674
 -0.63741895
 -0.61290212
 -0.58778044
 -0.56207871
 -0.53582228
 -0.50903707
 -0.48174951
 -0.45398653
 -0.42577553
 -0.39714435
 -0.36812124
 -0.33873484
 -0.30901417
 -0.27898854
 -0.24868758
 -0.21814121
 -0.18737956
 -0.15643300
 -0.12533205
 -0.09410743
 -0.06278993
 -0.03141046
  0.00000000
  0.03141046
  0.06278993
  0.09410743
  0.12533205
  0.15643300
  0.18737956
  0.21814121
  0.24868758
  0.27898854
  0.30901417
  0.33873484
  0.36812124
  0.39714435
  0.42577553
  0.45398653
  0.48174951
  0.50903707
  0.53582228
  0.56207871
  0.58778044
  0.61290212
  0.63741895
  0.66130674
  0.68454191
  0.70710153
  0.72896334
  0.75010576
  0.77050794
  0.79014973
  0.80901175
  0.82707540
  0.84432283
  0.86073704
  0.87630181
  0.89100180
  0.90482250
  0.91775026
  0.92977233
  0.94087684
  0.95105284
  0.96029029
  0.96858006
  0.97591397
  0.98228480
  0.98768625
  0.99211299
  0.99556065
  0.99802583
  0.99950610
  1.00000000
  0.99950704
  0.99802770
  0.99556345
  0.99211671
  0.98769090
  0.98229037
  0.97592046
  0.96858745
  0.96029858
  0.95106203
  0.94088691
  0.92978327
  0.91776206
  0.90483515
  0.89101529
  0.87631613
  0.86075216
  0.84433875
  0.82709210
  0.80902922
  0.79016794
  0.77052688
  0.75012541
  0.72898368
  0.70712254
  0.68456357
  0.66132903
  0.63744185
  0.61292560
  0.58780448
  0.56210328
  0.53584737
  0.50906264
  0.48177555
  0.45401300
  0.42580241
  0.39717162
  0.36814887
  0.33876280
  0.30904243
  0.27901707
  0.24871637
  0.21817021
  0.18740875
  0.15646235
  0.12536153
  0.09413701
  0.06281958
  0.03144016
  0.00002971
 -0.03138076
 -0.06276027
 -0.09407784
