r B_r B_phi alpha_m
 -1.000000     0.496585     0.000000     0.000000
 -0.980000     0.506516     0.000000     0.000000
 -0.960000     0.516438     0.000000     0.000000
 -0.940000     0.526344     0.000000     0.000000
 -0.920000     0.536226     0.000000     0.000000
 -0.900000     0.546074     0.000000     0.000000
 -0.880000     0.555882     0.000000     0.000000
 -0.860000     0.565639     0.000000     0.000000
 -0.840000     0.575337     0.000000     0.000000
 -0.820000     0.584967     0.000000     0.000000
 -0.800000     0.594521     0.000000     0.000000
 -0.780000     0.603989     0.000000     0.000000
 -0.760000     0.613362     0.000000     0.000000
 -0.740000     0.622632     0.000000     0.000000
 -0.720000     0.631789     0.000000     0.000000
 -0.700000     0.640824     0.000000     0.000000
 -0.680000     0.649729     0.000000     0.000000
 -0.660000     0.658494     0.000000     0.000000
 -0.640000     0.667110     0.000000     0.000000
 -0.620000     0.675569     0.000000     0.000000
 -0.600000     0.683861     0.000000     0.000000
 -0.580000     0.691979     0.000000     0.000000
 -0.560000     0.699912     0.000000     0.000000
 -0.540000     0.707654     0.000000     0.000000
 -0.520000     0.715195     0.000000     0.000000
 -0.500000     0.722527     0.000000     0.000000
 -0.480000     0.729643     0.000000     0.000000
 -0.460000     0.736534     0.000000     0.000000
 -0.440000     0.743193     0.000000     0.000000
 -0.420000     0.749612     0.000000     0.000000
 -0.400000     0.755784     0.000000     0.000000
 -0.380000     0.761702     0.000000     0.000000
 -0.360000     0.767359     0.000000     0.000000
 -0.340000     0.772750     0.000000     0.000000
 -0.320000     0.777867     0.000000     0.000000
 -0.300000     0.782705     0.000000     0.000000
 -0.280000     0.787257     0.000000     0.000000
 -0.260000     0.791520     0.000000     0.000000
 -0.240000     0.795488     0.000000     0.000000
 -0.220000     0.799155     0.000000     0.000000
 -0.200000     0.802519     0.000000     0.000000
 -0.180000     0.805574     0.000000     0.000000
 -0.160000     0.808318     0.000000     0.000000
 -0.140000     0.810746     0.000000     0.000000
 -0.120000     0.812857     0.000000     0.000000
 -0.100000     0.814647     0.000000     0.000000
 -0.080000     0.816115     0.000000     0.000000
 -0.060000     0.817258     0.000000     0.000000
 -0.040000     0.818076     0.000000     0.000000
 -0.020000     0.818567     0.000000     0.000000
  0.000000     0.818731     0.000000     0.000000
  0.020000     0.818567     0.000000     0.000000
  0.040000     0.818076     0.000000     0.000000
  0.060000     0.817258     0.000000     0.000000
  0.080000     0.816115     0.000000     0.000000
  0.100000     0.814647     0.000000     0.000000
  0.120000     0.812857     0.000000     0.000000
  0.140000     0.810746     0.000000     0.000000
  0.160000     0.808318     0.000000     0.000000
  0.180000     0.805574     0.000000     0.000000
  0.200000     0.802519     0.000000     0.000000
  0.220000     0.799155     0.000000     0.000000
  0.240000     0.795488     0.000000     0.000000
  0.260000     0.791520     0.000000     0.000000
  0.280000     0.787257     0.000000     0.000000
  0.300000     0.782705     0.000000     0.000000
  0.320000     0.777867     0.000000     0.000000
  0.340000     0.772750     0.000000     0.000000
  0.360000     0.767359     0.000000     0.000000
  0.380000     0.761702     0.000000     0.000000
  0.400000     0.755784     0.000000     0.000000
  0.420000     0.749612     0.000000     0.000000
  0.440000     0.743193     0.000000     0.000000
  0.460000     0.736534     0.000000     0.000000
  0.480000     0.729643     0.000000     0.000000
  0.500000     0.722527     0.000000     0.000000
  0.520000     0.715195     0.000000     0.000000
  0.540000     0.707654     0.000000     0.000000
  0.560000     0.699912     0.000000     0.000000
  0.580000     0.691979     0.000000     0.000000
  0.600000     0.683861     0.000000     0.000000
  0.620000     0.675569     0.000000     0.000000
  0.640000     0.667110     0.000000     0.000000
  0.660000     0.658494     0.000000     0.000000
  0.680000     0.649729     0.000000     0.000000
  0.700000     0.640824     0.000000     0.000000
  0.720000     0.631789     0.000000     0.000000
  0.740000     0.622632     0.000000     0.000000
  0.760000     0.613362     0.000000     0.000000
  0.780000     0.603989     0.000000     0.000000
  0.800000     0.594521     0.000000     0.000000
  0.820000     0.584967     0.000000     0.000000
  0.840000     0.575337     0.000000     0.000000
  0.860000     0.565639     0.000000     0.000000
  0.880000     0.555882     0.000000     0.000000
  0.900000     0.546074     0.000000     0.000000
  0.920000     0.536226     0.000000     0.000000
  0.940000     0.526344     0.000000     0.000000
  0.960000     0.516438     0.000000     0.000000
  0.980000     0.506516     0.000000     0.000000
  1.000000     0.496585     0.000000     0.000000
