  0.72290457
  0.69765705
  0.67116307
  0.64349011
  0.61472323
  0.58496537
  0.55433749
  0.52297831
  0.49104379
  0.45870632
  0.42615348
  0.39358658
  0.36121881
  0.32927315
  0.29797995
  0.26757425
  0.23829300
  0.21037198
  0.18404274
  0.15952940
  0.13704550
  0.11679091
  0.09894890
  0.08368337
  0.07113634
  0.06142575
  0.05464363
  0.05085463
  0.05009501
  0.05237205
  0.05766393
  0.06592011
  0.07706208
  0.09098466
  0.10755760
  0.12662766
  0.14802092
  0.17154545
  0.19699417
  0.22414785
  0.25277827
  0.28265136
  0.31353038
  0.34517896
  0.37736407
  0.40985872
  0.44244454
  0.47491405
  0.50707257
  0.53873996
  0.56975192
  0.59996103
  0.62923740
  0.65746907
  0.68456206
  0.71044016
  0.73504448
